15 0.333606 0.078568 0.214156 0.157135
12 0.871036 0.110677 0.053931 0.115688
14 0.582878 0.620234 0.154840 0.062364
13 0.745997 0.630991 0.109534 0.067538
11 0.698404 0.296537 0.056893 0.086496
11 0.775879 0.299729 0.057245 0.087018
11 0.579604 0.416615 0.051296 0.071833
11 0.728779 0.526565 0.079633 0.110058
11 0.812822 0.531378 0.075844 0.110022
10 0.397380 0.587827 0.197962 0.046569
7 0.579967 0.092320 0.106077 0.157952
8 0.101290 0.086498 0.062516 0.166719
9 0.172845 0.084363 0.064890 0.163017
