15 0.333357 0.078596 0.211755 0.157192
10 0.396770 0.589688 0.196630 0.046478
11 0.729297 0.528051 0.067596 0.105310
11 0.773472 0.298865 0.054481 0.084366
11 0.815367 0.530805 0.068298 0.106275
11 0.697997 0.295733 0.053560 0.084688
12 0.872014 0.112360 0.054201 0.110605
8 0.100285 0.097100 0.062258 0.150035
11 0.579135 0.416026 0.047079 0.068808
14 0.583799 0.621060 0.152502 0.059905
9 0.172620 0.092181 0.060654 0.151430
13 0.745815 0.631536 0.109534 0.067538
7 0.579785 0.092593 0.106077 0.157952
