10 0.397845 0.591120 0.198316 0.046402
8 0.101288 0.086660 0.064222 0.157416
11 0.774130 0.297452 0.056684 0.087693
15 0.333923 0.076768 0.212846 0.153536
11 0.698945 0.294947 0.053369 0.086397
11 0.816132 0.529149 0.068728 0.107285
9 0.175717 0.087042 0.061472 0.155861
14 0.583871 0.619578 0.151887 0.059485
11 0.730137 0.526125 0.069862 0.104797
11 0.580362 0.414775 0.045646 0.068289
7 0.579967 0.092048 0.106077 0.157952
12 0.871725 0.110294 0.054585 0.116013
13 0.746179 0.630719 0.109534 0.067538
