11 0.774007 0.297184 0.054393 0.086680
11 0.699435 0.294144 0.054229 0.087202
10 0.397549 0.588921 0.197370 0.045943
11 0.580919 0.414859 0.045563 0.067586
11 0.816082 0.527694 0.069121 0.107019
11 0.731077 0.525604 0.069286 0.106629
14 0.585121 0.622118 0.152784 0.066046
12 0.872123 0.111335 0.054025 0.116158
7 0.580494 0.091449 0.103244 0.156456
15 0.333740 0.076078 0.213434 0.152156
13 0.746547 0.630424 0.109746 0.067865
9 0.175315 0.084238 0.060376 0.166008
8 0.102668 0.086448 0.062516 0.160544
