15 0.334130 0.078856 0.211119 0.157712
10 0.397450 0.589078 0.196666 0.046490
11 0.730690 0.526309 0.068712 0.108477
11 0.774645 0.297898 0.055254 0.087057
11 0.699333 0.293841 0.054004 0.087490
11 0.816647 0.528841 0.068847 0.109029
12 0.872321 0.110196 0.054481 0.114555
8 0.100004 0.087882 0.063898 0.172767
11 0.579728 0.416888 0.048813 0.070881
14 0.584538 0.620673 0.153253 0.060865
9 0.174093 0.093812 0.064534 0.153785
7 0.580513 0.092593 0.106077 0.157952
13 0.746725 0.631536 0.109534 0.067538
