11 0.698866 0.294096 0.054662 0.086473
11 0.581313 0.415153 0.044557 0.068567
11 0.774176 0.296360 0.055341 0.086122
15 0.334335 0.076520 0.212789 0.153039
13 0.746853 0.630751 0.108604 0.066530
8 0.095875 0.091674 0.061700 0.160532
10 0.397565 0.588034 0.198305 0.048296
11 0.816754 0.527423 0.068187 0.107933
14 0.584514 0.619894 0.149382 0.060352
9 0.172106 0.096956 0.060885 0.162110
11 0.730321 0.525734 0.068320 0.107090
7 0.580149 0.092320 0.106077 0.157952
12 0.871543 0.110566 0.054585 0.116013
