11 0.699437 0.294476 0.054415 0.086866
11 0.773895 0.297203 0.054131 0.086833
11 0.580955 0.415316 0.045362 0.068253
11 0.816148 0.527509 0.069118 0.106416
11 0.731123 0.525560 0.069465 0.106675
10 0.397717 0.588300 0.197306 0.046348
14 0.585071 0.620786 0.151900 0.061925
12 0.872068 0.111217 0.053723 0.115859
15 0.333945 0.076033 0.213373 0.152066
7 0.580051 0.091376 0.103677 0.156773
13 0.746330 0.630462 0.109046 0.067894
8 0.102017 0.086007 0.064719 0.171156
9 0.175441 0.084839 0.065133 0.169684
