10 0.397306 0.592035 0.195598 0.045399
8 0.100464 0.088607 0.059555 0.166280
11 0.774041 0.297428 0.056573 0.087425
15 0.333652 0.076932 0.212372 0.153864
11 0.815279 0.529450 0.068648 0.108341
11 0.698762 0.295051 0.053636 0.086492
14 0.583521 0.619826 0.151365 0.060182
9 0.174797 0.087685 0.063124 0.164658
11 0.729563 0.526286 0.069067 0.104582
11 0.580117 0.414814 0.045461 0.067990
12 0.871977 0.109991 0.055938 0.115296
7 0.579967 0.092048 0.106077 0.157952
13 0.746179 0.630719 0.109534 0.067538
