10 0.397958 0.589431 0.195767 0.045398
9 0.174310 0.088608 0.060899 0.163691
11 0.773965 0.297299 0.056276 0.087333
11 0.815862 0.529062 0.069267 0.107458
11 0.698877 0.295033 0.054011 0.086559
15 0.333782 0.076886 0.212038 0.153772
11 0.729217 0.526079 0.069027 0.104627
14 0.583789 0.620314 0.150103 0.060545
11 0.580045 0.415117 0.045869 0.069022
12 0.872151 0.111737 0.054839 0.116071
8 0.098556 0.091267 0.058710 0.154440
13 0.746179 0.630991 0.109534 0.067538
7 0.579785 0.092320 0.106077 0.157952
