15 0.336425 0.080084 0.213422 0.152611
12 0.870864 0.111719 0.054937 0.113111
11 0.580651 0.416244 0.045730 0.067492
9 0.172063 0.092716 0.062734 0.158793
11 0.698509 0.296309 0.054698 0.085967
11 0.773721 0.299762 0.055353 0.086226
8 0.098615 0.093923 0.061392 0.163834
13 0.746185 0.630755 0.109556 0.067580
11 0.730837 0.532744 0.068404 0.105691
14 0.584602 0.621844 0.152481 0.061310
7 0.580816 0.091667 0.105500 0.158443
11 0.814831 0.530667 0.067871 0.104418
10 0.397171 0.587437 0.198726 0.048653
