10 0.397359 0.588160 0.196817 0.045557
8 0.100186 0.096196 0.061757 0.150977
15 0.333853 0.077068 0.211356 0.153543
9 0.172604 0.095325 0.060841 0.152023
11 0.774075 0.297925 0.055947 0.087863
11 0.698978 0.295043 0.054009 0.086448
11 0.816005 0.529005 0.068786 0.108730
11 0.729736 0.526367 0.068681 0.105761
14 0.584060 0.619879 0.149382 0.060900
12 0.872089 0.110839 0.054585 0.116013
7 0.579785 0.092593 0.106077 0.157952
13 0.746543 0.631264 0.109534 0.067538
11 0.579421 0.416739 0.044578 0.068486
