10 0.397474 0.590189 0.195620 0.045562
11 0.774074 0.297385 0.056540 0.087429
15 0.333713 0.076860 0.212431 0.153720
11 0.815667 0.529345 0.069526 0.107861
11 0.698864 0.295089 0.053576 0.086358
14 0.583077 0.620312 0.152028 0.060316
9 0.175247 0.090204 0.063464 0.159751
11 0.729490 0.526280 0.068884 0.104758
11 0.580026 0.414967 0.045781 0.068429
8 0.101119 0.089262 0.062359 0.158570
12 0.872282 0.111728 0.055117 0.116489
7 0.579785 0.092320 0.106077 0.157952
13 0.746361 0.630719 0.109534 0.067538
