15 0.332878 0.078568 0.214156 0.157135
11 0.731030 0.524158 0.068684 0.107168
11 0.814933 0.529198 0.067094 0.106216
11 0.775833 0.298610 0.059862 0.086057
11 0.697235 0.294250 0.059862 0.086057
11 0.581709 0.415884 0.044916 0.065589
13 0.746361 0.631264 0.109534 0.067538
10 0.398351 0.589919 0.197962 0.046569
14 0.582333 0.620234 0.154840 0.062364
12 0.871725 0.110566 0.054585 0.116013
8 0.100424 0.083361 0.061691 0.166717
9 0.174679 0.084837 0.062516 0.165486
7 0.580149 0.091776 0.106077 0.157952
