11 0.699389 0.294279 0.054456 0.087138
11 0.773982 0.297211 0.054230 0.086730
11 0.580946 0.415251 0.045345 0.068158
10 0.397582 0.588415 0.197047 0.046321
11 0.731007 0.525605 0.069398 0.106513
11 0.816054 0.527657 0.069264 0.106922
14 0.584871 0.620970 0.151946 0.062282
12 0.872064 0.111209 0.053790 0.115950
7 0.580219 0.091345 0.103503 0.156707
15 0.333819 0.075981 0.213314 0.151962
13 0.747881 0.635362 0.109506 0.067691
8 0.099886 0.087073 0.060541 0.166414
9 0.174636 0.091012 0.062032 0.157328
