10 0.397392 0.587965 0.196160 0.045114
9 0.172638 0.097098 0.061354 0.145981
11 0.773874 0.297477 0.056416 0.087598
15 0.333812 0.076905 0.211721 0.153663
11 0.729306 0.526171 0.068828 0.104695
11 0.698924 0.295081 0.054113 0.086528
11 0.815912 0.528919 0.069045 0.108093
14 0.583949 0.619995 0.149246 0.060552
12 0.871872 0.111050 0.054982 0.116350
11 0.580004 0.415459 0.046247 0.069435
8 0.100318 0.094266 0.061484 0.147689
7 0.579967 0.092320 0.106077 0.157952
13 0.745815 0.631264 0.109534 0.067538
