11 0.580773 0.415455 0.045446 0.068463
11 0.730942 0.525574 0.069050 0.106321
11 0.816144 0.527556 0.069006 0.106649
11 0.699496 0.294330 0.054015 0.087207
11 0.774085 0.297294 0.053465 0.087270
10 0.397678 0.588578 0.197835 0.047475
15 0.334794 0.076438 0.213773 0.152876
12 0.872052 0.111468 0.053609 0.116490
14 0.584994 0.620461 0.151543 0.060764
7 0.579934 0.090981 0.103069 0.157180
13 0.746539 0.630640 0.108074 0.067628
9 0.174716 0.089780 0.060743 0.152805
8 0.100987 0.086328 0.061801 0.160601
