10 0.397198 0.588905 0.197962 0.046569
7 0.579785 0.092608 0.106076 0.150096
8 0.096117 0.089533 0.063341 0.171657
9 0.172188 0.087064 0.063342 0.174132
2 0.730488 0.527760 0.066776 0.111928
2 0.812325 0.530827 0.066776 0.111928
11 0.698551 0.296491 0.050946 0.083878
11 0.774924 0.298363 0.055398 0.087210
11 0.579237 0.417822 0.049674 0.068646
13 0.746179 0.630991 0.109534 0.067538
12 0.871725 0.110566 0.054585 0.116013
14 0.581787 0.620507 0.154840 0.062364
15 0.338083 0.081037 0.214156 0.157135
