11 0.698360 0.294846 0.054935 0.085614
13 0.745653 0.630644 0.109317 0.066377
11 0.774069 0.296529 0.055235 0.086746
11 0.580793 0.415556 0.044813 0.068826
10 0.397956 0.587117 0.197436 0.046902
11 0.816415 0.528034 0.068290 0.107694
11 0.729963 0.525748 0.068474 0.107748
14 0.583678 0.620262 0.150122 0.059975
8 0.099149 0.089602 0.060268 0.169270
15 0.334337 0.077763 0.213117 0.155526
9 0.173002 0.085204 0.062136 0.172884
7 0.579737 0.092269 0.103369 0.155828
12 0.872181 0.109566 0.052640 0.111877
