11 0.729834 0.527927 0.072529 0.105146
11 0.815999 0.531041 0.069705 0.106770
11 0.697782 0.296432 0.058055 0.089954
11 0.772247 0.300066 0.058042 0.089869
11 0.580593 0.415436 0.047268 0.069711
13 0.746543 0.630719 0.109534 0.067538
12 0.871725 0.110566 0.054585 0.116013
10 0.398521 0.591492 0.197962 0.046569
14 0.582515 0.620234 0.154840 0.062364
7 0.579785 0.092320 0.106077 0.157952
8 0.100574 0.084079 0.062790 0.161233
9 0.175318 0.084727 0.061690 0.160801
15 0.336154 0.078568 0.214156 0.157135
