11 0.698939 0.294136 0.054812 0.086134
11 0.581380 0.415685 0.044233 0.069051
11 0.774379 0.296398 0.055384 0.086831
10 0.398033 0.587132 0.197267 0.047410
13 0.746403 0.630129 0.108765 0.065222
11 0.817236 0.527651 0.068057 0.107574
11 0.730038 0.525832 0.067650 0.107626
15 0.334640 0.077498 0.212949 0.154996
9 0.176070 0.093076 0.066357 0.160281
14 0.585282 0.619936 0.148906 0.059964
8 0.101401 0.091437 0.065322 0.162467
7 0.580195 0.091913 0.103158 0.156103
12 0.872229 0.109329 0.052562 0.111992
