15 0.333113 0.077415 0.213220 0.154830
10 0.397008 0.589425 0.196203 0.045036
11 0.773564 0.297478 0.055343 0.085505
11 0.580342 0.415921 0.044668 0.068365
11 0.698006 0.294542 0.054217 0.086984
11 0.815285 0.529449 0.069612 0.107868
14 0.584616 0.616523 0.151999 0.059008
11 0.729619 0.526457 0.069153 0.106971
9 0.175584 0.090900 0.062837 0.159580
8 0.099757 0.089244 0.063280 0.163454
12 0.872321 0.109688 0.054499 0.114538
7 0.579811 0.090749 0.107796 0.155323
13 0.745880 0.631531 0.108633 0.066694
